273158 4915 273728 4947 0.516156351
273730 4947 274244 4964 0.537779757
274250 4965 274337 4980 0.592232384
274338 4980 274421 4988 0.589841279
274422 4988 274955 5005 0.509338849
274968 5013 274998 5017 0.535296029
274999 5017 275068 5020 0.614096473
275073 5020 275309 5026 0.575119402
275310 5026 275344 5028 0.547078291
275345 5028 275375 5030 0.41038793
275376 5030 275376 5030 0.323163897
275657 5038 275835 5045 0.539082863
275836 5045 275886 5048 0.474605893
275890 5048 276092 5060 0.608167834
276097 5060 276244 5069 0.578457135
276282 5071 276283 5071 0.372589767
276315 5072 276363 5073 0.520403363
276384 5073 276495 5078 0.612360413
276501 5078 276502 5078 0.486890742
276525 5080 276542 5083 0.611863822
276543 5083 276586 5085 0.560637032
276587 5085 276775 5093 0.591878086
276776 5093 276810 5095 0.556583983
276811 5095 276811 5095 0.301674117
276831 5096 276834 5096 0.472897439
276870 5097 276870 5097 0.526586518
276935 5101 276950 5102 0.636687697
277069 5105 277076 5105 0.516225237
277087 5105 277126 5107 0.557434048
277127 5107 277166 5109 0.38286726
277168 5109 277180 5110 0.350248778
277194 5111 277420 5117 0.582281162
277981 5151 278018 5154 0.365186853
278167 5161 278239 5163 0.491317368
278240 5163 278308 5173 0.548569054
278310 5173 278366 5181 0.551263509
278406 5183 278769 5197 0.57761139
278770 5197 278808 5198 0.570560957
278820 5199 278874 5205 0.561454618
278875 5205 278969 5211 0.64509526
278975 5211 279479 5247 0.458005801
279588 5251 279656 5253 0.51797539
279658 5253 279691 5257 0.386309453
279694 5257 279715 5258 0.534199006
279716 5258 279760 5261 0.409483753
279766 5261 279794 5264 0.581237555
279823 5265 279887 5270 0.592090417
279931 5274 279966 5275 0.568326408
279975 5276 280017 5277 0.514857664
280018 5277 280194 5279 0.495884239
280242 5282 280330 5287 0.628521549
280349 5287 280384 5288 0.317467363
280385 5288 280385 5288 0.36491578
281613 5331 281693 5339 0.444127366
281707 5340 281727 5340 0.465922834
281797 5345 281975 5351 0.451793111
281976 5351 282035 5352 0.366302676
282037 5352 282712 5391 0.647321842
282730 5393 282807 5394 0.633212559
282814 5394 283050 5406 0.632998563
283052 5406 283270 5416 0.508998615
283283 5416 283308 5418 0.536303901
283353 5421 283407 5423 0.433990776
283408 5423 283416 5423 0.47864718
283453 5424 283685 5437 0.483237189
283820 5439 283865 5441 0.646038393
283876 5442 283884 5443 0.51137184
283885 5443 283934 5446 0.600245596
283946 5448 284035 5451 0.59415065
284036 5451 284044 5451 0.215965287
