315257 6615 315357 6620 0.60947339
315361 6621 315420 6624 0.491770101
315488 6628 315510 6629 0.427677738
315512 6629 315644 6638 0.494596704
315645 6638 315648 6638 0.376299319
315689 6639 315704 6640 0.64471491
315705 6640 315713 6641 0.486549483
315721 6642 315784 6648 0.521903597
315785 6648 315800 6650 0.507190461
315801 6650 315840 6654 0.452646071
315973 6659 316059 6662 0.604742572
316060 6662 316113 6666 0.464306727
316114 6666 316186 6674 0.639389075
316187 6674 316187 6674 0.512428751
316199 6675 316202 6675 0.589386786
316216 6677 316219 6677 0.551849096
316239 6681 316361 6688 0.602307942
316362 6688 316457 6693 0.583233015
316469 6694 316472 6694 0.331984512
316505 6696 316505 6696 0.40122003
316569 6700 316569 6700 0.485569309
316590 6702 316667 6709 0.591362291
316700 6710 316721 6711 0.649542871
316722 6711 316758 6712 0.600064382
316766 6714 316766 6714 0.561052774
316876 6719 316985 6731 0.58090705
316993 6733 316995 6733 0.265445327
317080 6737 317089 6738 0.463949575
317182 6741 317279 6747 0.648760291
317291 6749 317319 6751 0.536348983
317320 6751 317339 6752 0.540148107
317340 6752 317391 6757 0.189904308
317392 6757 317392 6757 0.490656629
317435 6759 317484 6761 0.604376888
317488 6761 317527 6763 0.633227102
317591 6768 317626 6770 0.640056057
317640 6772 317648 6773 0.5633762
317649 6773 317650 6773 0.449208002
317661 6774 317663 6774 0.528952467
317683 6776 318876 6860 0.600666853
318877 6860 319077 6874 0.176920711
319337 6901 319349 6904 0.489095152
319449 6909 319486 6911 0.545761861
319503 6911 319524 6912 0.547660687
319526 6912 319528 6912 0.12928257
319579 6919 319579 6919 0.818490479
319625 6921 319657 6924 0.61980006
319658 6924 319698 6929 0.292751736
319756 6931 319848 6940 0.580188893
319849 6940 319913 6942 0.649893639
319914 6942 319992 6953 0.619202165
319993 6953 320023 6957 0.599729448
320024 6957 320040 6960 0.610981111
320059 6961 320065 6961 0.395979077
320673 7005 320757 7013 0.415459917
320804 7017 320821 7018 0.486045347
320822 7018 320838 7020 0.486225832
320840 7020 320859 7024 0.624579271
320887 7026 320920 7031 0.622311917
320933 7033 321006 7037 0.586682769
321007 7037 321051 7039 0.620203261
321055 7039 321121 7042 0.569396836
321122 7042 321138 7043 0.534752403
321140 7043 321166 7047 0.555394859
321167 7047 321178 7048 0.44883572
321218 7052 321232 7053 0.512848239
321233 7053 321296 7055 0.587279894
321305 7056 321311 7056 0.602377794
321312 7056 321397 7058 0.553821623
321414 7061 321433 7063 0.638232893
321434 7063 321436 7063 0.319324335
321457 7065 321461 7065 0.50377499
321475 7069 321712 7078 0.57352606
321730 7080 321735 7080 0.471024123
321755 7083 321778 7087 0.571677571
321780 7087 321820 7090 0.625605704
321831 7091 321880 7092 0.619551492
321887 7095 321908 7097 0.422256041
321909 7097 321919 7098 0.603278157
321933 7099 321973 7105 0.599104862
321975 7105 321988 7108 0.5298055
321990 7108 322057 7114 0.563744473
322068 7117 322079 7118 0.372844207
322106 7120 322118 7122 0.590877706
322179 7123 322201 7124 0.554085007
322204 7124 322222 7124 0.403910531
322252 7125 322319 7127 0.495105844
322322 7127 322324 7127 0.361723795
322332 7128 322332 7128 0.313995681
322348 7131 322355 7132 0.447988354
322356 7132 322407 7135 0.583271502
322430 7137 322480 7139 0.479708673
322492 7139 322605 7144 0.500521359
322617 7144 323470 7217 0.630305906
323471 7217 323495 7218 0.647240744
323524 7221 323693 7234 0.520616732
323696 7234 323727 7236 0.61484936
323755 7239 323778 7240 0.614342856
323790 7242 323857 7245 0.543345443
323940 7252 323980 7253 0.545929629
323983 7253 324022 7256 0.565853871
324077 7259 324202 7264 0.644681323
324205 7264 324245 7266 0.552810502
324293 7270 324315 7271 0.583472099
324318 7271 324747 7309 0.62261003
324764 7309 324791 7310 0.614102349
324835 7314 324846 7314 0.483138685
324878 7315 324897 7317 0.453245717
324970 7320 324970 7320 0.479465581
324980 7321 324997 7324 0.55188172
324998 7324 325001 7324 0.331920471
325022 7328 325098 7333 0.573242659
325099 7333 325169 7334 0.492086654
325170 7334 325172 7334 0.331285001
