297050 5839 297176 5848 0.62076453
297177 5848 297218 5849 0.24076832
297219 5849 297293 5856 0.649901632
297296 5856 297467 5868 0.63033217
297468 5868 297488 5872 0.513419043
297503 5873 297598 5878 0.535120202
297599 5878 297656 5882 0.544657514
297665 5882 299065 5950 0.627134873
299067 5950 299329 5960 0.431871617
299368 5962 299479 5976 0.489586775
299480 5976 299595 5979 0.622549558
299597 5979 300123 6024 0.590000681
300155 6026 300234 6031 0.623494079
300235 6031 300283 6035 0.566643364
300284 6035 300401 6044 0.532731576
300459 6046 300514 6050 0.485283151
300515 6050 300575 6053 0.646640165
300576 6053 300635 6054 0.487964471
300636 6054 300780 6060 0.588388668
300785 6060 301141 6082 0.56580086
301142 6082 301298 6090 0.564522011
301323 6091 301396 6097 0.532280767
301397 6097 301475 6106 0.600949404
301476 6106 301665 6119 0.647384561
301694 6123 301985 6142 0.599832224
301986 6142 302029 6147 0.488694076
302031 6147 302166 6156 0.521118471
302225 6158 302263 6161 0.600821437
302277 6165 302392 6171 0.591651035
302393 6171 302472 6175 0.619937471
302473 6175 302523 6182 0.537233946
302525 6182 302573 6186 0.520154125
302596 6189 302651 6192 0.649189697
302654 6192 302663 6193 0.207686531
303825 6239 303832 6240 0.344160452
303838 6241 303838 6241 0.380035365
303885 6243 303885 6243 0.400159045
303948 6245 304000 6247 0.608019156
304062 6252 304120 6253 0.47539007
304125 6253 304125 6253 0.338100566
304144 6255 304144 6255 0.533880991
304158 6258 304158 6258 0.37088468
304169 6259 304200 6261 0.502346069
304204 6262 304292 6266 0.619967736
304333 6268 304354 6269 0.434900606
304366 6271 304446 6272 0.435808756
304447 6272 304507 6275 0.55376987
304508 6275 304562 6276 0.469958328
304616 6278 304654 6283 0.565591997
304655 6283 304663 6284 0.496703648
304671 6285 304737 6287 0.34459356
304738 6287 304777 6288 0.616690851
304778 6288 304778 6288 0.266216593
304797 6291 304797 6291 0.557402679
305044 6297 305063 6298 0.546690817
305064 6298 305064 6298 0.380018945
305081 6300 305081 6300 0.315140453
305112 6303 305184 6304 0.597608965
305186 6304 305202 6305 0.528139324
305204 6305 305207 6306 0.572613843
305208 6306 305247 6308 0.562490569
305248 6308 305312 6311 0.640439591
305313 6311 305350 6312 0.497294686
305351 6312 305365 6314 0.507334273
305366 6314 305376 6315 0.265101422
305377 6315 305405 6317 0.558342584
305406 6317 305517 6323 0.640678558
305518 6323 305589 6324 0.567719015
305590 6324 305590 6324 0.151936421
305636 6325 305636 6325 0.525219671
305766 6337 305809 6341 0.309913916
305814 6343 305814 6343 0.446803627
305821 6344 305840 6346 0.549831917
305842 6346 305898 6348 0.54799403
305902 6349 306051 6356 0.643612551
306091 6358 306122 6360 0.399176831
306125 6360 306134 6362 0.597446496
306135 6362 306138 6362 0.540897281
306139 6362 306154 6364 0.462705901
306155 6364 306455 6371 0.578352601
306456 6371 306460 6371 0.606557741
